1 1938
1 1071
1 2371
1 1410
1 971
1 2218
1 1572
1 1657
1 1908
1 2036
1 2319
1 69
1 1642
1 1753
1 1844
1 1901
1 2151
1 2535
1 1605
1 1746
1 2951
1 2574
1 103
1 1440
1 1680
2 335
2 3078
2 727
2 1364
2 2434
2 2863
2 2250
2 2304
2 47
2 597
2 1183
2 497
2 3136
2 3202
2 740
2 2874
2 408
2 236
2 563
2 1651
2 1004
2 1305
2 276
2 1268
2 742
3 2652
3 1496
3 1988
3 205
3 3189
3 1304
3 799
3 1223
3 1134
3 1767
3 1162
3 1788
3 1787
3 1122
3 637
3 265
3 1459
3 1521
3 1215
3 62
3 2316
3 2061
3 2126
3 3120
3 1149
4 2939
4 1922
4 2376
4 1439
4 438
4 3128
4 1699
4 2166
4 3101
4 2080
4 2342
4 3103
4 1681
4 1102
4 3111
4 1157
4 2377
4 2537
4 1951
4 3043
4 3148
4 1676
4 2912
4 2470
4 964
5 2321
5 1923
5 2716
5 2629
5 2035
5 1272
5 2003
5 2105
5 2299
5 1409
5 1188
5 3011
5 1829
5 2985
5 2310
5 2812
5 3147
5 3127
5 2106
5 2324
5 3144
5 2715
5 2357
5 2947
5 1747
6 438
6 1543
6 2078
6 2671
6 3035
6 2230
6 1517
6 2828
6 1009
6 2826
6 2417
6 2707
6 859
6 2753
6 705
6 2176
6 2873
6 695
6 3061
6 704
6 605
6 279
6 1113
6 888
6 402
7 2376
7 3043
7 1353
7 2912
7 3104
7 3148
7 2424
7 2914
7 2946
7 1951
7 2080
7 2033
7 2537
7 2862
7 2865
7 2668
7 3170
7 3082
7 2320
7 3128
7 1676
7 2256
7 2111
7 1778
7 1941
8 1685
8 2371
8 2625
8 2951
8 2197
8 2776
8 2614
8 1611
8 2499
8 1505
8 492
8 2949
8 1261
8 1695
8 1723
8 2858
8 3133
8 2500
8 1752
8 1688
8 2088
8 2482
8 1690
8 1687
8 2108
9 1685
9 2776
9 2197
9 2949
9 2614
9 3158
9 1261
9 1695
9 2951
9 2371
9 3068
9 1723
9 2864
9 1688
9 2088
9 1690
9 1687
9 3133
9 2969
9 1611
9 2849
9 2870
9 828
9 2372
9 3111
10 1262
10 2785
10 2664
10 950
10 2316
10 2700
10 2685
10 1162
10 1601
10 392
10 2896
10 141
10 2433
10 1828
10 2060
10 1613
10 1306
10 1767
10 2714
10 2973
10 2705
10 3156
10 2084
10 1137
10 1302
11 2906
11 2717
11 2246
11 2923
11 2527
11 2699
11 2316
11 1860
11 1872
11 1043
11 1923
11 3080
11 3150
11 2091
11 1835
11 2782
11 2716
11 1162
11 3148
11 2705
11 2873
11 1642
11 1541
11 2003
11 321
12 1930
12 3127
12 2246
12 3196
12 1334
12 2319
12 2555
12 1461
12 1045
12 1462
12 2796
12 2593
12 103
12 2599
12 2081
12 3068
12 1683
12 1591
12 1680
12 2735
12 405
12 2597
12 2632
12 2904
12 1069
13 2897
13 2495
13 2748
13 2491
13 2530
13 3080
13 1795
13 1362
13 1655
13 1652
13 1947
13 2033
13 2711
13 2888
13 2680
13 2559
13 1901
13 2389
13 2856
13 48
13 2078
13 1231
13 3099
13 2834
13 675
14 1919
14 1724
14 2272
14 1980
14 2118
14 3054
14 2716
14 2876
14 3011
14 3087
14 2017
14 2397
14 2679
14 648
14 2191
14 856
14 2976
14 563
14 2041
14 3075
14 2957
14 854
14 861
14 2563
14 2835
15 2897
15 1231
15 2835
15 1795
15 3125
15 1947
15 1999
15 2900
15 2464
15 3099
15 2195
15 1807
15 622
15 1566
15 3169
15 2856
15 115
15 1932
15 2495
15 3080
15 2611
15 2397
15 2944
15 2907
15 2929
16 2376
16 2452
16 2114
16 1210
16 2080
16 1676
16 2537
16 3129
16 3114
16 2378
16 1223
16 849
16 1332
16 1002
16 1076
16 3134
16 198
16 1828
16 409
16 1724
16 243
16 2999
16 3148
16 428
16 858
17 2491
17 2897
17 2495
17 2117
17 3080
17 1795
17 1362
17 2748
17 2079
17 1655
17 1652
17 1658
17 1154
17 1223
17 2888
17 2527
17 1999
17 48
17 1947
17 1231
17 3099
17 675
17 2729
17 2586
17 2835
18 1613
18 1811
18 1988
18 2491
18 1972
18 2527
18 2246
18 1852
18 1788
18 1665
18 2645
18 2664
18 2138
18 2652
18 1223
18 2361
18 2897
18 1162
18 1676
18 1496
18 2785
18 1262
18 3156
18 2723
18 2896
19 2664
19 950
19 1262
19 2785
19 2700
19 1601
19 392
19 2896
19 141
19 2714
19 1613
19 2973
19 3156
19 1828
19 1302
19 2433
19 1468
19 2685
19 1811
19 3075
19 2865
19 1367
19 1846
19 2851
19 2557
20 2199
20 2506
20 1961
20 2442
20 1047
20 936
20 2986
20 777
20 2177
20 2172
20 511
20 2134
20 2059
20 301
20 2490
20 256
20 2335
20 1847
20 2133
20 2155
20 2430
20 2290
20 3139
20 2170
20 1504
21 1803
21 2787
21 555
21 2794
21 764
21 878
21 2904
21 2120
21 1943
21 876
21 1118
21 1037
21 883
21 1967
21 520
21 810
21 425
21 346
21 1429
21 355
21 877
21 3007
21 568
21 1268
21 353
22 2441
22 2638
22 2564
22 2637
22 2384
22 2473
22 2751
22 2827
22 2678
22 2004
22 52
22 2913
22 2924
22 2841
22 266
22 3049
22 2829
22 2925
22 2369
22 2828
22 1978
22 1915
22 2105
22 1467
22 2238
23 1778
23 1941
23 2276
23 1733
23 2549
23 1944
23 2914
23 2649
23 2032
23 2090
23 711
23 1081
23 2427
23 1894
23 1716
23 1987
23 2212
23 1951
23 2123
23 1157
23 1714
23 2098
23 3148
23 1663
23 2594
24 268
24 1696
24 2080
24 2999
24 1410
24 3120
24 2065
24 2882
24 987
24 1216
24 2535
24 2376
24 2342
24 111
24 293
24 1540
24 2727
24 3043
24 927
24 1588
24 1435
24 3020
24 2307
24 1441
24 1233
25 2318
25 1653
25 3070
25 3048
25 2984
25 1533
25 1951
25 1030
25 3119
25 2862
25 3089
25 1938
25 1518
25 1620
25 2741
25 2669
25 2344
25 2859
25 2988
25 2542
25 2319
25 1827
25 444
25 360
25 1719
26 2256
26 2618
26 2626
26 3128
26 438
26 2320
26 1338
26 2709
26 1198
26 1439
26 2166
26 1102
26 1334
26 972
26 617
26 964
26 2632
26 457
26 3043
26 3048
26 1290
26 2377
26 249
26 538
26 549
27 2902
27 3011
27 2798
27 2297
27 2669
27 2988
27 2918
27 1752
27 2928
27 2859
27 2319
27 2069
27 2526
27 2481
27 2479
27 1725
27 2358
27 1641
27 1924
27 2577
27 3006
27 2362
27 1642
27 1901
27 1708
28 1685
28 3032
28 2949
28 2849
28 2890
28 2197
28 2614
28 2776
28 1261
28 2951
28 1695
28 2371
28 1723
28 383
28 1688
28 2088
28 1690
28 1687
28 3133
28 1611
28 2969
28 2892
28 828
28 666
28 1989
29 1539
29 1840
29 1967
29 610
29 377
29 513
29 1841
29 2927
29 2089
29 2087
29 1538
29 1537
29 1933
29 2462
29 2229
29 3037
29 2694
29 2120
29 2770
29 2240
29 2644
29 1631
29 1094
29 2565
29 2115
30 1137
30 850
30 1926
30 1736
30 1213
30 1856
30 397
30 953
30 2501
30 960
30 1024
30 1739
30 2786
30 1651
30 1400
30 2144
30 1944
30 2537
30 2947
30 2098
30 2746
30 720
30 1779
30 2341
30 2418
31 3047
31 195
31 1686
31 2125
31 1327
31 3015
31 1929
31 2065
31 1144
31 2283
31 2829
31 2370
31 674
31 1839
31 533
31 1952
31 1660
31 2529
31 2142
31 2528
31 2826
31 1891
31 2913
31 2415
31 1796
32 3139
32 2177
32 1145
32 1839
32 2172
32 2155
32 2059
32 2619
32 1961
32 2430
32 1847
32 2290
32 2490
32 1504
32 2790
32 2476
32 2461
32 2701
32 1481
32 2052
32 2161
32 2752
32 2630
32 2980
32 2368
33 2043
33 1954
33 2335
33 2284
33 2805
33 2548
33 1617
33 1577
33 1285
33 2778
33 70
33 1662
33 1963
33 3016
33 2408
33 2554
33 1968
33 1501
33 2758
33 1559
33 2047
33 2266
33 1047
33 1766
33 537
34 1763
34 1893
34 1667
34 1633
34 1524
34 2458
34 2385
34 2291
34 2213
34 640
34 3114
34 503
34 2234
34 1949
34 2660
34 1644
34 2440
34 1730
34 1567
34 2391
34 1790
34 2010
34 1620
34 1999
34 1031
35 2932
35 1474
35 2090
35 3007
35 2836
35 3175
35 1386
35 2165
35 2681
35 265
35 1397
35 393
35 769
35 2323
35 1935
35 1391
35 1020
35 64
35 2414
35 3078
35 2560
35 2385
35 206
35 2850
35 3071
36 2110
36 1265
36 2030
36 2061
36 2476
36 2084
36 1131
36 2698
36 2112
36 2739
36 1768
36 1399
36 1350
36 1824
36 2603
36 1548
36 1737
36 2733
36 1787
36 2811
36 1012
36 2754
36 1020
36 2908
36 949
37 2265
37 2651
37 2376
37 3105
37 2956
37 2958
37 3031
37 3103
37 2537
37 618
37 2243
37 2912
37 2941
37 2244
37 2937
37 2242
37 2241
37 3148
37 2470
37 676
37 794
37 243
37 1736
37 3021
37 457
38 2265
38 2651
38 2941
38 3105
38 2867
38 3103
38 2958
38 3031
38 2247
38 2939
38 2956
38 2940
38 483
38 2002
38 3148
38 618
38 1737
38 1364
38 2084
38 3087
38 820
38 2937
38 2957
38 2470
38 2815
39 2651
39 2956
39 3105
39 3103
39 2265
39 1861
39 2406
39 2958
39 2940
39 1614
39 2178
39 3031
39 2937
39 2941
39 2470
39 2939
39 724
39 2957
39 2126
39 1792
39 1693
39 2243
39 2717
39 794
39 1213
40 2651
40 1485
40 2406
40 2316
40 2958
40 2956
40 3105
40 2265
40 1162
40 1588
40 2084
40 2060
40 2937
40 1860
40 2705
40 1835
40 3103
40 2941
40 1767
40 1098
40 2126
40 1470
40 3031
40 2470
40 2513
41 1951
41 1778
41 1941
41 2276
41 2914
41 1733
41 2549
41 1944
41 3137
41 3043
41 2649
41 2849
41 2212
41 2427
41 1894
41 1716
41 3082
41 711
41 1987
41 1081
41 2090
41 2123
41 2949
41 1714
41 2565
42 2494
42 2641
42 2231
42 462
42 2402
42 204
42 2545
42 2318
42 2401
42 1653
42 2107
42 2019
42 2370
42 2789
42 2215
42 1030
42 3048
42 633
42 2984
42 1399
42 2788
42 3135
42 2811
42 2054
42 1938
43 2569
43 2977
43 2924
43 2310
43 3107
43 1182
43 2847
43 2841
43 3125
43 2151
43 1554
43 2894
43 2771
43 2754
43 3046
43 1528
43 2341
43 2455
43 1113
43 462
43 2703
43 3052
43 3098
43 2113
43 2575
44 2523
44 2829
44 2825
44 1404
44 2325
44 1823
44 1732
44 2050
44 931
44 1855
44 1260
44 1809
44 1424
44 2719
44 1679
44 1034
44 2494
44 1782
44 525
44 633
44 2771
44 1686
44 171
44 1002
44 1106
45 2816
45 1976
45 2493
45 2452
45 2765
45 3129
45 2114
45 1951
45 2856
45 3002
45 2318
45 2978
45 2976
45 2253
45 2882
45 2969
45 2598
45 2876
45 2680
45 3152
45 2888
45 1271
45 2900
45 2344
45 3087
46 1457
46 2494
46 329
46 2978
46 2990
46 2631
46 2253
46 1653
46 2711
46 1952
46 1660
46 891
46 1699
46 2478
46 1976
46 2654
46 2278
46 2140
46 2107
46 2561
46 723
46 3134
46 2882
46 2318
46 1622
47 2882
47 2278
47 1457
47 2726
47 1032
47 1699
47 3134
47 2848
47 2598
47 1427
47 634
47 2990
47 3012
47 2211
47 2307
47 2318
47 2451
47 891
47 2832
47 1681
47 2856
47 2263
47 3113
47 3036
47 1172
48 1005
48 2325
48 1559
48 1771
48 3130
48 47
48 129
48 2464
48 2417
48 1806
48 1654
48 2611
48 1300
48 2900
48 1296
48 2314
48 1104
48 1803
48 140
48 152
48 3010
48 612
48 608
48 2654
48 1927
49 3134
49 2278
49 3012
49 634
49 2390
49 1457
49 2795
49 2593
49 891
49 1927
49 2519
49 275
49 3100
49 1699
49 2882
49 1681
49 2832
49 1830
49 1032
49 2307
49 2070
49 2140
49 2288
49 2493
49 982
50 1811
50 1613
50 2664
50 2278
50 3134
50 634
50 1457
50 3156
50 2723
50 891
50 1927
50 2973
50 3075
50 2714
50 1262
50 950
50 275
50 2882
50 1665
50 1601
50 2838
50 1699
50 2700
50 1825
50 1681
51 1811
51 1613
51 2664
51 1924
51 3156
51 2498
51 3006
51 1728
51 2723
51 2863
51 3075
51 2085
51 2973
51 2373
51 2068
51 1708
51 2714
51 2668
51 950
51 2838
51 1262
51 2277
51 1964
51 1665
51 1825
52 2721
52 3070
52 2318
52 2749
52 1928
52 1261
52 1518
52 1541
52 1533
52 2218
52 2859
52 1572
52 2767
52 1951
52 3048
52 1695
52 557
52 605
52 2798
52 1030
52 1366
52 2742
52 104
52 2862
52 1870
53 514
53 569
53 139
53 2981
53 1186
53 1948
53 1817
53 2769
53 2986
53 503
53 1887
53 2031
53 852
53 2210
53 2457
53 68
53 640
53 2648
53 2021
53 2192
53 1862
53 2229
53 453
53 495
53 800
54 2958
54 3031
54 3133
54 2940
54 2295
54 3170
54 2842
54 2227
54 2155
54 2939
54 2886
54 2470
54 2651
54 307
54 2764
54 2411
54 2178
54 3103
54 2972
54 2148
54 2264
54 2265
54 2896
54 309
54 2274
55 1739
55 2650
55 1355
55 1896
55 1898
55 1993
55 2921
55 1665
55 3064
55 2051
55 1453
55 2742
55 2844
55 2112
55 2998
55 2936
55 2767
55 2749
55 2515
55 1846
55 2839
55 1551
55 3009
55 3096
55 3082
56 2327
56 2650
56 1739
56 1678
56 2931
56 2323
56 2090
56 1355
56 1991
56 1154
56 2716
56 2112
56 2921
56 1896
56 2165
56 1898
56 905
56 2051
56 1993
56 1665
56 2705
56 769
56 1253
56 2316
56 284
57 3077
57 196
57 3140
57 2939
57 2705
57 2802
57 2700
57 3103
57 347
57 1528
57 2090
57 905
57 632
57 2564
57 2637
57 1914
57 259
57 1119
57 2761
57 2850
57 1103
57 2588
57 2639
57 1007
57 344
58 1779
58 2098
58 2634
58 1920
58 1344
58 2418
58 1709
58 1987
58 1986
58 1944
58 1631
58 69
58 2566
58 1474
58 1445
58 1816
58 2592
58 2395
58 1411
58 511
58 1629
58 1637
58 1802
58 2373
58 50
59 2905
59 1456
59 2111
59 3126
59 2781
59 1112
59 2631
59 2552
59 1855
59 1665
59 1235
59 1700
59 1681
59 3134
59 2018
59 3087
59 2484
59 2033
59 2203
59 1051
59 2543
59 1976
59 2258
59 2705
59 2795
60 2967
60 3087
60 2957
60 2876
60 2593
60 1518
60 2816
60 1532
60 2976
60 2716
60 2882
60 1258
60 2516
60 695
60 3011
60 2969
60 3030
60 1142
60 1685
60 3025
60 1736
60 2888
60 2817
60 1261
60 2377
61 634
61 2711
61 3134
61 2307
61 1457
61 2114
61 2451
61 2494
61 1236
61 2965
61 2160
61 1830
61 1927
61 2688
61 3129
61 2631
61 1032
61 1935
61 2278
61 1287
61 2140
61 938
61 2107
61 2524
61 2251
62 2430
62 1961
62 2664
62 2975
62 1803
62 2790
62 1967
62 1648
62 2327
62 1368
62 2333
62 950
62 1424
62 2189
62 1262
62 1806
62 88
62 2003
62 2700
62 1601
62 2121
62 3156
62 2896
62 2785
62 1011
63 2664
63 950
63 1262
63 2896
63 2973
63 2785
63 2700
63 1601
63 2685
63 392
63 141
63 3156
63 2714
63 1846
63 1613
63 3073
63 1828
63 2289
63 1302
63 1468
63 2433
63 1811
63 2557
63 2781
63 3075
64 2651
64 1853
64 2513
64 1588
64 1307
64 1051
64 1957
64 2998
64 1972
64 527
64 2144
64 2855
64 1717
64 106
64 1944
64 1549
64 3112
64 2137
64 2098
64 1424
64 2993
64 2156
64 367
64 1779
64 2051
65 3204
65 3203
65 3202
65 3201
65 3200
65 3199
65 3198
65 3197
65 3196
65 3195
65 3194
65 3193
65 3192
65 3191
65 3190
65 3189
65 3188
65 3187
65 3186
65 3185
65 3184
65 3183
65 3182
65 3181
65 3180
